0.013060436557787991 308.3242969794687
0.013060436557787991 154.16867870801326
0.013060436557787991 77.09086957228553
0.013060436557787991 38.55196500442166
0.013060436557787991 19.282512720489724
0.013060436557787991 9.647786578523755
0.013060436557787991 4.830423507540772
2.42174197204928 4.830423507540772
3.626082739795026 4.830423507540772
3.626082739795026 4.228253123667899
3.9271679317314625 4.228253123667899
3.9271679317314625 4.077710527699681
4.002439229715572 4.077710527699681
4.040074878707626 4.077710527699681
4.040074878707626 4.058892703203654
2074007
